105
106
110
112
123
125
130
137
142
145
149
150
152
153
154
155
167
174
189
194
1105
1106
1110
1112
1123
1125
1130
1137
1142
1145
1149
1150
1152
1153
1154
1155
1167
1174
1189
1194
2105
2106
2110
2112
2123
2125
2130
2137
2142
2145
2149
2150
2152
2153
2154
2155
2167
2174
2189
2194
3105
3106
3110
3112
3123
3125
3130
3137
3142
3145
3149
3150
3152
3153
3154
3155
3167
3174
3189
3194
4105
4106
4110
4112
4123
4125
4130
4137
4142
4145
4149
4150
4152
4153
4154
4155
4167
4174
4189
4194
5105
5106
5110
5112
5123
5125
5130
5137
5142
5145
5149
5150
5152
5153
5154
5155
5167
5174
5189
5194
6105
6106
6110
6112
6123
6125
6130
6137
6142
6145
6149
6150
6152
6153
6154
6155
6167
6174
6189
6194
7105
7106
7110
7112
7123
7125
7130
7137
7142
7145
7149
7150
7152
7153
7154
7155
7167
7174
7189
7194
8105
8106
8110
8112
8123
8125
8130
8137
8142
8145
8149
8150
8152
8153
8154
8155
8167
8174
8189
8194
9105
9106
9110
9112
9123
9125
9130
9137
9142
9145
9149
9150
9152
9153
9154
9155
9167
9174
9189
9194
7777
8888
9999